Minimax depth = 3 (e a avaliação em baixo!)

[[0. 1. 0. 1. 0.]
 [0. 0. 2. 0. 0.]
 [0. 0. 0. 0. 0.]
 [0. 0. 1. 0. 0.]
 [0. 2. 0. 2. 0.]]

 white first

Player 1. to move:
[[0. 1. 1. 0. 0.]
 [0. 0. 2. 0. 0.]
 [0. 0. 0. 0. 0.]
 [0. 0. 1. 0. 0.]
 [0. 2. 0. 2. 0.]]
3  -  0  =  3

Player 2. to move: 
[[0. 1. 1. 0. 0.]
 [0. 0. 0. 0. 0.]
 [0. 0. 2. 0. 0.]
 [0. 0. 1. 0. 0.]
 [0. 2. 0. 2. 0.]]
3  -  0  =  3

Player 1. to move:
[[0. 1. 1. 0. 0.]
 [0. 0. 0. 0. 0.]
 [0. 0. 2. 0. 0.]
 [0. 0. 0. 0. 0.]
 [0. 2. 1. 2. 0.]]
3  -  0  =  3 

Player 2. to move: 
[[0. 1. 1. 0. 0.]
 [0. 2. 0. 0. 0.]
 [0. 0. 2. 0. 0.]
 [0. 0. 0. 0. 0.]
 [0. 0. 1. 2. 0.]]
3  -  3  =  0

Player 1. to move:
[[0. 1. 1. 0. 0.]
 [0. 2. 0. 0. 0.]
 [1. 0. 2. 0. 0.]
 [0. 0. 0. 0. 0.]
 [0. 0. 0. 2. 0.]]
10  -  3  =  7

Player 2. to move: 
[[0. 1. 1. 0. 0.]
 [2. 2. 0. 0. 0.]
 [1. 0. 2. 0. 0.]
 [0. 0. 0. 0. 0.]
 [0. 0. 0. 0. 0.]]
3  -  10  =  -7

Player 1. to move:
[[0. 1. 1. 0. 0.]
 [2. 2. 0. 0. 0.]
 [0. 1. 2. 0. 0.]
 [0. 0. 0. 0. 0.]
 [0. 0. 0. 0. 0.]]
10  -  10  =  0

[[0. 1. 1. 0. 0.]
 [2. 2. 2. 0. 0.]
 [0. 1. 0. 0. 0.]
 [0. 0. 0. 0. 0.]
 [0. 0. 0. 0. 0.]]
3  -  100  =  -97

==========================================================================================================

Minimax with Apha Beta cuts depth = 5 (com avaliação)

[[0. 1. 0. 1. 0.]
 [0. 0. 2. 0. 0.]
 [0. 0. 0. 0. 0.]
 [0. 0. 1. 0. 0.]
 [0. 2. 0. 2. 0.]]

 white first

Player 1. to move:
[[0. 1. 1. 0. 0.] 
 [0. 0. 2. 0. 0.] 
 [0. 0. 0. 0. 0.] 
 [0. 0. 1. 0. 0.] 
 [0. 2. 0. 2. 0.]]
3  -  0  =  3 

Player 2. to move: 
[[0. 1. 1. 0. 0.]
 [0. 0. 0. 0. 0.]
 [0. 0. 2. 0. 0.]
 [0. 0. 1. 0. 0.]
 [0. 2. 0. 2. 0.]]
3  -  0  =  3

Player 1. to move:
[[0. 1. 1. 0. 0.]
 [0. 0. 0. 0. 0.]
 [0. 0. 2. 0. 0.]
 [0. 0. 0. 0. 0.]
 [0. 2. 1. 2. 0.]]
3  -  0  =  3

Player 2. to move: 
[[0. 1. 1. 0. 0.]  
 [0. 2. 0. 0. 0.]  
 [0. 0. 2. 0. 0.]  
 [0. 0. 0. 0. 0.]
 [0. 0. 1. 2. 0.]]
3  -  3  =  0

Player 1. to move:
[[0. 1. 0. 0. 0.]
 [0. 2. 0. 0. 0.]
 [0. 0. 2. 0. 1.]
 [0. 0. 0. 0. 0.]
 [0. 0. 1. 2. 0.]]
0  -  3  =  -3

Player 2. to move: 
[[0. 1. 0. 0. 0.]
 [0. 2. 0. 0. 0.]
 [0. 0. 0. 2. 1.]
 [0. 0. 0. 0. 0.]
 [0. 0. 1. 2. 0.]]
0  -  0  =  0

Player 1. to move:
[[0. 1. 0. 0. 0.]
 [0. 2. 0. 0. 0.]
 [0. 0. 0. 2. 0.]
 [0. 0. 0. 1. 0.]
 [0. 0. 1. 2. 0.]]
3  -  0  =  3

Player 2. to move: 
[[0. 1. 0. 0. 0.]
 [0. 2. 2. 0. 0.]
 [0. 0. 0. 0. 0.]
 [0. 0. 0. 1. 0.]
 [0. 0. 1. 2. 0.]]
3  -  10  =  -7

Player 1. to move:
[[0. 0. 0. 0. 0.]
 [1. 2. 2. 0. 0.]
 [0. 0. 0. 0. 0.]
 [0. 0. 0. 1. 0.]
 [0. 0. 1. 2. 0.]]
3  -  3  =  0

Player 2. to move: 
[[0. 0. 0. 0. 0.]
 [1. 2. 2. 0. 0.]
 [0. 2. 0. 0. 0.]
 [0. 0. 0. 1. 0.]
 [0. 0. 1. 0. 0.]]
3  -  5  =  -2

Player 1. to move:
[[0. 0. 0. 0. 0.]
 [1. 2. 2. 0. 0.]
 [1. 2. 0. 0. 0.]
 [0. 0. 0. 1. 0.]
 [0. 0. 0. 0. 0.]]
10  -  5  =  5

Player 2. to move:
[[0. 2. 0. 0. 0.]
 [1. 2. 0. 0. 0.]
 [1. 2. 0. 0. 0.]
 [0. 0. 0. 1. 0.]
 [0. 0. 0. 0. 0.]]
10  -  100  =  -90